0	3.75e-07
1000	1.8518e-05
2000	3.669e-05
3000	5.652e-05
4000	7.3149e-05
5000	9.4362e-05
6000	0.00010954
7000	0.000138546
8000	0.000145755
9000	0.000188393
10000	0.000195329
11000	0.000214196
12000	0.000236149
13000	0.000250613
14000	0.000255807
15000	0.00029724
16000	0.000315371
17000	0.000332408
18000	0.000349394
19000	0.000369891
20000	0.000392682
21000	0.000416795
22000	0.000451229
23000	0.000455049
24000	0.000473513
25000	0.000491736
26000	0.000511407
27000	0.0005187
28000	0.000552648
29000	0.000569284
30000	0.00058984
31000	0.00060521
32000	0.000628821
33000	0.00061323
34000	0.000667033
35000	0.000701777
36000	0.000712719
37000	0.000749347
38000	0.000744958
39000	0.000766185
40000	0.00078363
41000	0.000795207
42000	0.000832736
43000	0.000833573
44000	0.00086253
45000	0.000880027
46000	0.000897035
47000	0.000895932
48000	0.000930092
49000	0.000969051
50000	0.00104454
