1	3e-07
1001	2.808e-06
2001	5.321e-06
3001	7.869e-06
4001	1.0286e-05
5001	1.2849e-05
6001	1.5395e-05
7001	1.7943e-05
8001	2.0435e-05
9001	2.2771e-05
10001	2.54e-05
11001	2.8817e-05
12001	3.0422e-05
13001	3.2986e-05
14001	3.58e-05
15001	3.931e-05
16001	4.179e-05
17001	4.3086e-05
18001	4.536e-05
19001	4.8106e-05
20001	5.0703e-05
21001	5.4839e-05
22001	5.7134e-05
23001	5.8116e-05
24001	6.0635e-05
25001	6.5054e-05
26001	6.5975e-05
27001	6.8205e-05
28001	7.0943e-05
29001	7.3274e-05
30001	7.5657e-05
31001	8.0846e-05
32001	8.0699e-05
33001	8.3458e-05
34001	8.5451e-05
35001	8.819e-05
36001	9.0626e-05
37001	9.3441e-05
38001	9.5938e-05
39001	0.000109314
40001	0.000100875
41001	0.00010342
42001	0.000105988
43001	0.000108475
44001	0.000110873
45001	0.000117049
46001	0.000116029
47001	0.00012761
48001	0.000121036
49001	0.000123587
50001	0.000126171
51001	0.000128731
52001	0.000131173
53001	0.00013388
54001	0.0001365
55001	0.000138388
56001	0.000140856
57001	0.000148063
58001	0.000146239
59001	0.000148577
60001	0.000151275
61001	0.000165015
62001	0.000161173
63001	0.000159014
64001	0.00017202
65001	0.00016875
66001	0.000166412
67001	0.000168766
68001	0.000171299
69001	0.000173717
70001	0.000176392
71001	0.00020117
72001	0.000181047
73001	0.000183935
74001	0.000186624
75001	0.000188669
76001	0.000191426
77001	0.000193653
78001	0.000196309
79001	0.000199158
80001	0.000201472
81001	0.000203579
82001	0.000206318
83001	0.000209218
84001	0.000211691
85001	0.000254336
86001	0.000223732
87001	0.0002191
88001	0.000221509
89001	0.000223865
90001	0.000226313
91001	0.000228932
92001	0.000238829
93001	0.000241655
94001	0.000243809
95001	0.000239311
96001	0.000241562
97001	0.000244286
98001	0.000246751
99001	0.000248872
